32865
34549
32876
32935
32946
32949
32951
32981
34663
32986
104
54
189
98
48
195
89
263
261
168
231
33137
170
33135
239
160
275
85
247
176
25
15
273
308
299
214
208
28
23
22
22
20
157
249
320
325
396
427
399
599
29
14
24
19
20
34
25
76
24
24
17
103
19
33
295
554
24
25
25
273
17
55
15
20
28
21
50
17
21
17
24
29
16
23
176
24
26
21
25
15
96
187
12
20
273
35
86
71
20
14
20
13
89
30
438
32
19
249
227
271
18
63
21
163
21
71
61
61
81
18
34
18
17
16
17
157
216
650
18
17
624
640
269
410
12
443
436
421
18
580
32
14
388
15
19
52
388
20
147
33
294
480
140
186
727
354
14
213
225
209
19
50
107
28
232
21
572
14
60
575
22
249
247
274
23
287
584
20
583
443
382
32
684
33
546
15
243
87
23
17
140
20
14
17
22
14
38
399
14
19
35
12
261
37
341
75
15
361
35
210
11
249
202
49
15
729
734
337
48
310
215
272
328
237
77
215
13
114
222
28
15
76
389
12
157
15
14
34
77
44
16
16
14
25
25
15
20
15
19
214
183
149
180
22
19
220
270
152
24
62
58
54
283
303
15
13
33
32
486
72
20
13
22
20
18
284
12
12
302
44
14
169
36
11
18
11
200
29
14
35
12
310
304
293
36
217
206
463
18
477
17
12
58
119
89
44
161
291
296
33
126
17
11
93
25
17
14
18
63
16
69
55
84
118
13
111
100
46
74
33
70
22
18
71
84
20
56
50
82
63
48
37
239
240
159
127
340
383
381
394
383
392
343
341
349
373
392
325
565
381
369
342
265
327
365
260
401
456
336
12
260
377
14
16
21
17
20
19
65
278
309
302
288
370
306
354
73
345
386
376
327
802
333
312
352
369
380
351
367
378
402
410
20
33
71
159
461
124
576
106
117
383
173
86
95
182
247
34
108
106
206
218
168
370
142
213
112
94
29
178
13
25
152
104
14
13
129
16
24
273
35
32
80
119
101
160
56
135
81
30
60
142
136
120
127
305
165
24
130
323
140
15
19
22
34
20
15
12
18
87
263
72
12
263
14
416
56
10
12
17
308
67
20
19
19
16
19
13
63
400
14
342
197
108
104
61
57
21
13
19
16
18
53
21
27
15
15
14
19
469
251
19
11
290
160
54
11
22
22
10
24
14
17
19
18
287
37
30
526
383
81
326
12
13
36
14
64
460
127
278
9
373
19
50
13
38
10
22
11
26
13
57
14
16
11
15
17
11
36
12
38
148
122
145
463
177
530
11
16
11
15
132
127
108
29
16
16
9
88
95
19
12
39
212
31
13
10
47
57
77
38
287
19
236
25
25
90
10
69
15
35
27
20
36
183
253
33
13
80
13
35
14
43
71
40
51
515
154
26
12
175
10
16
24
15
21
13
31
26
15
12
56
23
135
196
73
159
121
11
268
83
187
15
18
14
16
13
191
19
132
17
161
143
35
120
41
95
203
11
13
14
15
16
10
10
13
15
18
173
15
370
17
11
432
22
19
14
31
20
12
20
319
17
17
25
11
26
24
96
345
63940
64410
63940
91
63951
77
64425
102
16
29
11
15
10
58
19
69
9
9
34
14
11
14
19
24
28
10
37
109
176
32
199
202
152
151
136
18
12
13
9
13
23
10
12
21
9
259
12
16
41
20
7
10
9
11
12
7
10
16
10
33
11
41
56
17
16
29
33
81
17
16
27
23
13
39
11
27
58
12
23
36
22
10
48
31
11
37
10
56
16
34
200
176
36
23
22
90
14
201
12
24
22
12
27
51
10
47
32
33
28
63
43
13
15
9
18
111
43
12
26
43
12
17
29
11
35
298
9
45
27
168
10
12
14
11
34
14
22
7
12
243
7
8
17
10
11
10
11
16
11
7
20
12
12
20
8
8
7
15
38
386
24
35
45
31
23
513
100
10
43
19
61
14
154
42
19
85
10
37
73
40
21
9
19
54
10
68
46
8
57
40
23
263
448
13
9
32
23
32
21
14
13
12
10
10
15
18
10
26
21
19
10
10
96
19
30
14
89
410
36
17
455
197
179
142
122
9
62
58
67
29
9
58
16
26
27
16
26
26
11
15
12
10
21
27
22
101
40
388
145
27
11
25
13
17
47
17
13
13
8
25
10
12
13
11
38
189
21
13
13
13
12
10
19
15
19
18
11
8
287
286
97
18
408
13
8
17
9
7
16
32
19
8
16
7
17
11
8
13
8
19
8
10
7
8
7
14
8
431
10
8
10
7
8
19
32
14
414
11
9
229
62
57
51
391
399
104
127
104
278
153
78
138
288
19
20
13
27
16
11
76
17
186
12
75
68
6
20
65
34
27
23
47
40
83
39
73
36
43
35
25
9
8
21
98
23
12
26
13
9
56
64
27
50
15
46
33
84
144
93
75
397
10
13
33
8
10
25
8
12
22
46
24
7
14
18
16
8
7
40
31
45
30
16
17
16
7
18
15
69
32
23
12
15
20
29
14
273
13
265
14
11
412
12
12
6
16
21
8
10
13
17
9
7
9
7
10
70
13
15
16
17
16
14
11
19
57
14
8
10
24
12
9
13
25
8
16
12
9
7
15
13
7
17
13
18
17
61
22
74
51
33
66
380
10
23
10
12
45
63
8
39
21
51
47
10
9
56
14
11
7
7
52
7
9
10
110
26
16
53
49
15
15
12
181
11
10
8
16
11
14
10
7
22
8
21
41
23
64
34
52
28
124
125
124
133
276
24
44
26
65
26
51
225
43
21
347
133
14
49
10
7
7
11
11
7
9
10
9
12
10
12
7
9
10
9
11
7
6
11
7
7
9
8
8
8
7
11
10
10
7
13
21
18
7
7
8
7
17
19
13
32
48
72
56
98
28
134
276
279
7
281
6
17
15
99
15
8
34
14
27
21
15
11
23
25
11
6
5
7
9
8
10
9
30
17
7
7
11
12
16
89
13
19
7
23
41
49
77
72
63
384
47
116
8
88
80
24
462
161
32
89
81
13
12
120
57
102
36
85
7
9
6
23
9
7
8
6
14
16
18
13
9
13
8
20
9
17
9
11
167
13
13
10
7
16
7
19
12
9
11
6
13
380
16
221
7
11
11
229
12
13
21
8
22
10
29
9
9
192
71
93
11
10
8
15
6
20
25
8
13
9
14
8
9
8
17
32
18
54
415
11
15
11
9
14
8
9
11
12
9
30
6
8
18
15
19
9
10
7
8
79
24
6
8
12
7
17
27
7
13
45
10
6
8
17
8
10
7
6
10
6
52
12
8
15
7
48
27
19
28
26
19
40
11
8
10
8
64
6
37
10
37
30
81
43
48
45
83
157
198
303
37
36285
37416
36332
109
36304
56
36325
173
48
8
57
19
14
17
9
41
26
12
29
171
35
25
9
66
8
195
7
33
37
11
30
16
21
8
30
25
42
11
103
181
111
58
62
20
16
64
110
10
10
116
34
11
17
17
50
12
86
52
57
15
133
119
9
71
18
9
11
254
26
12
31
33
22
60
7
20
159
82
31
92
12
8
16
6
9
16
10
12
32
8
13
8
10
16
9
10
39
8
16
54
9
47
70
137
42
85
10
51
33
8
10
15
17
8
31
30
8
33
8
34
11
14
8
21
21
29
15
140
204
11
7
6
8
147
10
33
10
120
15
11
13
156
7
21
93
24
11
85
175
123
53
44
7
47
10
7
8
6
32
90
112
98
38
16
21
12
409
423
181
13
21
224
9
21
20
46
9
16
109
24
12
9
72
12
11
7
7
5
12
12
14
18
9
53
233
30
38
67
69
58
57
8
9
230
22
50
481
65
132
8
21
39
44
27
12
9
8
11
9
143
144
120
123
106
90
119
132
112
75
125
89
130
117
137
117
100
122
109
134
87
112
168
53
233
61
77
73
76
86
79
73
72
74
91
59
84
229
83
95
101
81
234
124
26
66
11
46
30
52
16
12
17
130
52
9
12
26
9
9
8
73
11
63
13
148
59
49
6
11
6
6
10
6
8
23
151
83
8
33
6
213
24
9
6
7
6
8
9
6
26
9
7
6
9
6
11
16
33
36
158
154
97
75
265
85
314
393
207
200
134
139
45
33
43
52
54
8
12
286
67
9
35
15
19
12
10
34
141
35
11
89
135
87
251
7
119
6
16
8
17
6
5
11
15
8
13
7
37
9
13
7
25
11
10
93
11
169
17
25
151
18
156
10
115
106
12
71
16
70
88
136
171
197
163
48
217
177
18
150
11
9
6
14
6
7
12
236
236
184
134
32
11
11
441
8
16
32
19
32
345
35
43
144
12
7
7
10
9
28
10
10
40
7
6
7
13
148
10
9
136
43
7
38
9
25
7
5
8
20
6
38
7
12
20
12
10
54
9
24
11
51
13
16
12
8
23
7
8
8
48
8
10
6
48
6
17
42
23
7
97
225
24
16
86
12
31
18
15
5
16
37
21
5
14
8
11
40
5
11
27
29
8
7
125
271
157
111
160
45
8
8
9
24
202
15
197
21
26
61
7
11
9
85
67
53
13
128
12
16
17
9
61
14
17
45
38
13
14
14
23
10
6
41
5
30
8
6
6
7
25
79
7
10
17
7
12
7
11
14
8
10
16
192
20
13
10
21
15
10
13
26
29
35
41
8
159
16
47
97
10
64
12
17
11
26
10
14
17
14
8
6
24
6
102
471
9
32
106
5
10
24
15
7
32
8
14
18
15
25
153
13
17
7
8
7
12
7
10
28
74
6
19
8
6
9
9
41
8
41
15
26
9
12
16
17
8
9
34
6
19
157
9
14
12
65
7
7
5
115
45
12
21
29
17
22
40
51
41
26
43
52
50
40
17
83
101
123
106
70
143
16
119
6
105
11
41
9
32
11
184
11
7
8
21
9
12
9
45
42
55
11
11
11
7
13
8
5
25
19
12
25
239
47
52
9
62
17
9
10
26
12
9
34
9
7
14
37
104
49
11
27
23
17
29
11
14
6
115
51
18
15
22
11
12
11
118
19
6
6
145
19
13
85
31
8
7
33
14
32
13
7
11
80
85
34
7
99
9
23
24
9
8
8
8
8
6
10
7
5
9
5
8
5
13
57
261
41
9
11
